[gd_scene load_steps=18 format=3 uid="uid://dxnvsoi1pvfeu"]

[ext_resource type="PackedScene" uid="uid://b1xdxk61ce84s" path="res://maps/scenes/vlados_parkur_swag/scenes/street_lamp1.tscn" id="3_mbdu3"]

[sub_resource type="BoxMesh" id="BoxMesh_62kxx"]
size = Vector3(15, 1, 10)

[sub_resource type="BoxShape3D" id="BoxShape3D_mw024"]
size = Vector3(15, 1, 10)

[sub_resource type="Curve3D" id="Curve3D_qnvkk"]
_data = {
"points": PackedVector3Array(0, 0, 0, 0, 0, 0, 0.0502834, 0, 0.251196, 0, 0, 0, 0, 0, 0, -0.071147, 0, 64.0364, 0, 0, 0, 0, 0, 0, -0.071147, 0, 127.939, -0.103554, 0, -18.7451, 0.103554, 0, 18.7451, 0, 0, 194, -49.2021, 0, 0.439789, 49.2021, 0, -0.439789, 63.5462, 0, 255.361, 5.13128, 0, 11.775, -5.13128, 0, -11.775, 98.7882, 0, 192.375, 0.948509, 0, 23.4802, -0.948509, 0, -23.4802, 65.0459, 0, 148.885, -10.5371, 0, -4.1163, 10.5371, 0, 4.1163, 102.537, 0, 133.139, -31.149, 0, -17.9706, 31.149, 0, 17.9706, 169.85, 0, 172.699, -37.1393, 0, -6.58923, 37.1393, 0, 6.58923, 251.317, 0, 209.239, -29.352, 0, 17.3716, 29.352, 0, -17.3716, 336.378, 0, 197.259, 0, 0, 7.884, 0, 0, -7.884, 362.644, 0, 139.527, -0.599, 0, 7.821, 0.599, 0, -7.821, 363.842, 0, 96.997, 2.21716, 0, 21.161, -2.21716, 0, -21.161, 363.477, 0, 46.9086, 12.2943, 0, 13.8834, -12.2943, 0, -13.8834, 298.098, 0, 13.2871, 27.4653, 0, 20.8039, -27.4653, 0, -20.8039, 276.63, 0, -66.6769, 16.8228, 0, 12.1408, -16.8228, 0, -12.1408, 199.836, 0, -97.6944, 18.83, 0, 13.725, -25.645, 1, -13.725, 148.105, 0, -157.515, 20.2265, 0, 2.52826, -20.2265, 0, -2.52826, 76.589, 3, -186.411, 17.7022, 0, -9.97993, -17.7022, 0, 9.97993, 25.3, 3, -177.02, 1.797, 1, -20.378, -1.797, 0, 20.378, 2.193, 0.1, -126.663, 0, 0, 0, 0, 0, 0, -0.0566101, 0, -47.1814, 0, 0, 0, 0, 0, 0, 0.0502834, 0, 0.251196),
"tilts": PackedFloat32Array(0, 0, 0, 0, 0, 0, 0, 0, 0, 0, 0, 0, 0, 0, 0, 0, 0, 0, -0.5, -0.5, 0, 0, 0)
}
point_count = 23

[sub_resource type="FastNoiseLite" id="FastNoiseLite_k5faj"]
frequency = 0.1

[sub_resource type="NoiseTexture2D" id="NoiseTexture2D_5xmjm"]
noise = SubResource("FastNoiseLite_k5faj")

[sub_resource type="StandardMaterial3D" id="StandardMaterial3D_c4708"]
albedo_color = Color(0.305882, 0.305882, 0.305882, 1)
albedo_texture = SubResource("NoiseTexture2D_5xmjm")
uv1_scale = Vector3(0.5, 0.5, 0.5)
uv1_triplanar = true

[sub_resource type="Gradient" id="Gradient_u6ph6"]
colors = PackedColorArray(0.746094, 0.746094, 0.746094, 1, 1, 1, 1, 1)

[sub_resource type="FastNoiseLite" id="FastNoiseLite_jwgtv"]
frequency = 0.954

[sub_resource type="NoiseTexture2D" id="NoiseTexture2D_esu3j"]
seamless = true
color_ramp = SubResource("Gradient_u6ph6")
noise = SubResource("FastNoiseLite_jwgtv")

[sub_resource type="StandardMaterial3D" id="StandardMaterial3D_pklv7"]
albedo_color = Color(0, 0.4, 0.00784314, 1)
albedo_texture = SubResource("NoiseTexture2D_esu3j")
uv1_scale = Vector3(-0.35, -0.35, -0.35)
uv1_triplanar = true

[sub_resource type="BoxMesh" id="BoxMesh_h2wbr"]
material = SubResource("StandardMaterial3D_pklv7")
size = Vector3(1000, 1, 1000)

[sub_resource type="BoxShape3D" id="BoxShape3D_28hur"]
size = Vector3(1000, 1, 1000)

[sub_resource type="Curve3D" id="Curve3D_0j00u"]
_data = {
"points": PackedVector3Array(0, 0, 0, 0, 0, 0, 4.10041, 0.00174332, 9.59278, 0, 0, 0, 0, 0, 0, 45.1755, 0.159885, 9.59277, 0, 0, 0, 0, 0, 0, 64.2915, 0.0404086, 9.59277, 0, 0, 0, 0, 0, 0, 79.231, 0, 6.98705, 0, 0, 0, 0, 0, 0, 109.643, 0, -20.3266),
"tilts": PackedFloat32Array(0, 0, 0, 0, 0)
}
point_count = 5

[sub_resource type="FastNoiseLite" id="FastNoiseLite_8sm7k"]
frequency = 0.1

[sub_resource type="NoiseTexture2D" id="NoiseTexture2D_mu4kh"]
noise = SubResource("FastNoiseLite_8sm7k")

[sub_resource type="StandardMaterial3D" id="StandardMaterial3D_mbdu3"]
albedo_color = Color(0.321728, 0.321728, 0.321728, 1)
albedo_texture = SubResource("NoiseTexture2D_mu4kh")
uv1_scale = Vector3(0.5, 0.5, 0.5)
uv1_triplanar = true

[node name="Demo" type="Node3D"]

[node name="StaticBody3D2" type="StaticBody3D" parent="." groups=["Road"]]
transform = Transform3D(1, 0, 0, 0, 0.984808, 0.173648, 0, -0.173648, 0.984808, 366.196, 0.316678, 79.3629)

[node name="MeshInstance3D" type="MeshInstance3D" parent="StaticBody3D2"]
mesh = SubResource("BoxMesh_62kxx")
skeleton = NodePath("../../..")

[node name="CollisionShape3D" type="CollisionShape3D" parent="StaticBody3D2"]
shape = SubResource("BoxShape3D_mw024")

[node name="Path3D" type="Path3D" parent="."]
curve = SubResource("Curve3D_qnvkk")

[node name="CSGPolygon3D" type="CSGPolygon3D" parent="Path3D" groups=["Road"]]
use_collision = true
polygon = PackedVector2Array(-8, -0.1, -4, 0.1, 4, 0.1, 8, -0.1)
mode = 2
path_node = NodePath("..")
path_interval_type = 0
path_interval = 1.0
path_simplify_angle = 1.0
path_rotation = 2
path_rotation_accurate = false
path_local = false
path_continuous_u = true
path_u_distance = 3.0
path_joined = false
material = SubResource("StandardMaterial3D_c4708")

[node name="StaticBody3D" type="StaticBody3D" parent="." groups=["Grass"]]

[node name="MeshInstance3D" type="MeshInstance3D" parent="StaticBody3D"]
transform = Transform3D(1, 0, 0, 0, 1, 0, 0, 0, 1, 0, -0.5, 0)
mesh = SubResource("BoxMesh_h2wbr")
skeleton = NodePath("../../..")

[node name="CollisionShape3D" type="CollisionShape3D" parent="StaticBody3D"]
transform = Transform3D(1, 0, 0, 0, 1, 0, 0, 0, 1, 0, -0.5, 0)
shape = SubResource("BoxShape3D_28hur")

[node name="flowers" type="Node3D" parent="StaticBody3D"]
transform = Transform3D(1, 0, 0, 0, 1, 0, 0, 0, 1, 7.08236, 0.126973, -40.7533)

[node name="Path3D2" type="Path3D" parent="."]
curve = SubResource("Curve3D_0j00u")

[node name="CSGPolygon3D" type="CSGPolygon3D" parent="Path3D2" groups=["Road"]]
use_collision = true
polygon = PackedVector2Array(-8, -0.1, -4, 0.1, 4, 0.1, 8, -0.1)
mode = 2
path_node = NodePath("..")
path_interval_type = 0
path_interval = 1.0
path_simplify_angle = 1.0
path_rotation = 2
path_rotation_accurate = false
path_local = false
path_continuous_u = true
path_u_distance = 3.0
path_joined = false
material = SubResource("StandardMaterial3D_c4708")

[node name="CSGCylinder3D" type="CSGCylinder3D" parent="."]
transform = Transform3D(1, 0, 0, 0, 1, 0, 0, 0, 1, 133.241, -0.387333, 35.6706)
radius = 71.256
height = 1.0
sides = 48
material = SubResource("StandardMaterial3D_mbdu3")

[node name="spawn_point" type="Node3D" parent="."]
transform = Transform3D(1, 0, 0, 0, 1, 0, 0, 0, 1, 0, 1.92902, 0)

[node name="lights" type="Node3D" parent="."]

[node name="street_lamp1" parent="lights" instance=ExtResource("3_mbdu3")]
transform = Transform3D(0.689354, 0, 0.724425, 0, 1, 0, -0.724425, 0, 0.689354, 2.49133, -0.709633, -0.0807877)

[node name="street_lamp12" parent="lights" instance=ExtResource("3_mbdu3")]
transform = Transform3D(0.689354, 0, 0.724425, 0, 1, 0, -0.724425, 0, 0.689354, 2.49133, -0.709633, -13.5382)

[node name="street_lamp13" parent="lights" instance=ExtResource("3_mbdu3")]
transform = Transform3D(0.689354, 0, 0.724425, 0, 1, 0, -0.724425, 0, 0.689354, 2.49133, -0.709633, -25.311)

[node name="street_lamp14" parent="lights" instance=ExtResource("3_mbdu3")]
transform = Transform3D(0.855996, 0, 0.516982, 0, 1, 0, -0.516982, 0, 0.855996, 3.62364, 0, -49.0005)

[node name="street_lamp15" parent="lights" instance=ExtResource("3_mbdu3")]
transform = Transform3D(0.766168, 0, 0.642641, 0, 1, 0, -0.642641, 0, 0.766168, 4.23487, 0, -57.5646)

[node name="street_lamp16" parent="lights" instance=ExtResource("3_mbdu3")]
transform = Transform3D(1, 0, 0, 0, 1, 0, 0, 0, 1, 4.31187, 0, -71.7112)

[node name="street_lamp2" parent="lights" instance=ExtResource("3_mbdu3")]
transform = Transform3D(0.689354, 0, 0.724425, 0, 1, 0, -0.724425, 0, 0.689354, 2.49133, -0.709633, -36.3553)

[node name="street_lamp3" parent="lights" instance=ExtResource("3_mbdu3")]
transform = Transform3D(0.689354, 0, 0.724425, 0, 1, 0, -0.724425, 0, 0.689354, 2.49133, -0.709633, -106.181)

[node name="street_lamp4" parent="lights" instance=ExtResource("3_mbdu3")]
transform = Transform3D(0.689354, 0, 0.724425, 0, 1, 0, -0.724425, 0, 0.689354, 11.9784, -0.709633, -156.566)

[node name="street_lamp5" parent="lights" instance=ExtResource("3_mbdu3")]
transform = Transform3D(0.689354, 0, 0.724425, 0, 1, 0, -0.724425, 0, 0.689354, 51.3556, 0.619117, -180.653)

[node name="street_lamp6" parent="lights" instance=ExtResource("3_mbdu3")]
transform = Transform3D(0.689354, 0, 0.724425, 0, 1, 0, -0.724425, 0, 0.689354, 81.1934, 0.619117, -180.653)

[node name="street_lamp7" parent="lights" instance=ExtResource("3_mbdu3")]
transform = Transform3D(0.689354, 0, 0.724425, 0, 1, 0, -0.724425, 0, 0.689354, 136.227, -0.590609, -156.217)

[node name="street_lamp8" parent="lights" instance=ExtResource("3_mbdu3")]
transform = Transform3D(0.689354, 0, 0.724425, 0, 1, 0, -0.724425, 0, 0.689354, 152.998, -0.590609, -143.35)

[node name="street_lamp9" parent="lights" instance=ExtResource("3_mbdu3")]
transform = Transform3D(0.689354, 0, 0.724425, 0, 1, 0, -0.724425, 0, 0.689354, 183.808, -1.42866, -103.828)

[node name="street_lamp10" parent="lights" instance=ExtResource("3_mbdu3")]
transform = Transform3D(0.689354, 0, 0.724425, 0, 1, 0, -0.724425, 0, 0.689354, 235.514, -0.790869, -75.6794)

[node name="street_lamp11" parent="lights" instance=ExtResource("3_mbdu3")]
transform = Transform3D(0.689354, 0, 0.724425, 0, 1, 0, -0.724425, 0, 0.689354, 280.649, -0.726281, -49.8462)

[node name="street_lamp17" parent="lights" instance=ExtResource("3_mbdu3")]
transform = Transform3D(-0.999989, 0, -0.00478268, 0, 1, 0, 0.00478268, 0, -0.999989, 320.931, 8.92067, -160.424)

[node name="street_lamp18" parent="lights" instance=ExtResource("3_mbdu3")]
transform = Transform3D(-0.999989, 0, -0.00478268, 0, 1, 0, 0.00478268, 0, -0.999989, 294.773, 8.92067, -135.293)

[node name="street_lamp19" parent="lights" instance=ExtResource("3_mbdu3")]
transform = Transform3D(-0.999989, 0, -0.00478268, 0, 1, 0, 0.00478268, 0, -0.999989, 244.42, -1.11607, -91.5508)

[node name="street_lamp20" parent="lights" instance=ExtResource("3_mbdu3")]
transform = Transform3D(-0.999989, 0, -0.00478268, 0, 1, 0, 0.00478268, 0, -0.999989, 201.514, 8.92067, -58.8511)
